0	2500	500
1	2640	519
2	2788	526
3	2888	543
4	2996	551
5	3039	563
6	3278	576
7	3515	586
8	3681	597
9	3803	610
10	3883	611
11	4172	624
12	4424	635
13	4582	635
14	4716	645
15	4779	655
16	5028	661
17	5235	669
18	5350	691
19	5482	696
20	5536	713
21	5715	725
22	5832	733
23	5894	742
24	5984	751
25	5972	756
26	6144	763
27	6216	770
28	6218	775
29	6285	790
30	6241	799
31	6344	814
32	6341	826
33	6302	835
34	6293	843
35	6244	856
36	6325	874
37	6292	890
38	6233	896
39	6226	908
40	6173	914
41	6166	948
42	6110	957
43	6023	985
44	5901	997
45	5785	1018
46	5675	1039
47	5545	1056
48	5410	1072
49	5262	1094
50	5099	1114
51	4946	1138
52	4769	1159
53	4577	1168
54	4377	1187
55	4122	1203
56	3924	1228
57	3718	1243
58	3504	1277
59	3264	1292
60	2939	1322
61	2713	1344
62	2475	1365
63	2231	1379
64	2004	1392
65	1744	1397
66	1546	1404
67	1395	1411
68	1206	1413
69	1040	1428
70	869	1434
71	772	1451
72	680	1464
73	603	1466
74	514	1456
75	458	1462
76	430	1475
77	396	1479
78	352	1471
79	304	1471
80	262	1459
81	236	1486
82	221	1464
83	183	1492
84	170	1479
85	144	1470
86	140	1462
87	129	1451
88	108	1460
89	106	1455
90	99	1447
91	101	1400
92	92	1395
93	69	1344
94	69	1324
95	59	1297
96	55	1275
97	59	1240
98	49	1228
99	46	1206
100	42	1208
101	40	1193
102	42	1168
103	34	1147
104	37	1122
105	38	1105
106	36	1084
107	42	1069
108	37	1034
109	38	1019
110	44	990
111	47	985
112	55	963
113	47	955
114	43	945
115	51	929
116	55	932
117	66	930
118	58	904
119	59	894
120	65	885
121	69	883
122	80	872
123	72	875
124	79	858
125	86	850
126	93	837
127	114	804
128	107	802
129	119	799
130	119	774
131	129	752
132	150	745
133	133	699
134	142	692
135	140	676
136	156	654
137	196	644
138	184	645
139	201	620
140	208	619
141	217	610
142	274	593
143	266	585
144	297	579
145	314	558
146	321	546
147	413	543
148	416	511
149	475	511
150	508	492
151	520	471
152	642	459
153	650	447
154	742	426
155	794	425
156	825	427
157	977	406
158	983	397
159	1123	386
160	1191	375
161	1269	369
162	1425	369
163	1436	354
164	1634	352
165	1750	354
166	1854	333
167	2021	330
168	2037	334
169	2241	318
170	2404	321
171	2546	317
172	2700	309
173	2735	303
174	2952	302
175	3141	290
176	3281	286
177	3446	279
178	3484	268
179	3714	269
180	3918	271
181	3986	250
182	4130	247
183	4170	250
184	4434	239
185	4648	237
186	4715	236
187	4858	231
188	4909	230
189	5143	231
190	5383	227
191	5452	236
192	5613	235
193	5691	226
194	5885	227
195	6144	228
196	6220	227
197	6400	233
198	6490	233
199	6666	233
200	6957	234
201	7037	238
202	7199	239
203	7294	241
204	7457	250
205	7755	254
206	7833	263
207	7957	270
208	8033	278
209	8179	280
210	8475	289
211	8580	298
212	8696	298
213	8778	300
214	8909	307
215	9114	309
216	9162	317
217	9234	318
218	9287	333
219	9354	341
220	9482	351
221	9488	359
222	9501	362
223	9552	364
224	9577	364
225	9676	366
226	9701	368
227	9702	370
228	9712	370
229	9734	380
230	9770	387
231	9775	401
232	9775	403
233	9759	403
234	9743	407
235	9731	411
236	9726	419
237	9692	435
238	9669	439
239	9660	445
240	9662	449
241	9643	462
242	9628	468
243	9611	476
244	9592	494
245	9569	504
246	9532	522
247	9489	536
248	9456	556
249	9381	560
250	9359	578
251	9291	596
252	9206	596
253	9145	600
254	9063	614
255	9019	618
256	8919	634
257	8790	636
258	8698	666
259	8587	682
260	8497	702
261	8353	718
262	8218	724
263	8105	728
264	7980	728
265	7895	732
266	7789	736
267	7677	740
268	7591	739
269	7501	759
270	7433	772
271	7311	799
272	7224	803
273	7122	803
274	7026	810
275	6932	818
276	6814	834
277	6706	865
278	6619	872
279	6506	879
280	6394	884
281	6274	906
282	6139	911
283	6011	926
284	5889	957
285	5771	973
286	5637	1009
287	5486	1029
288	5329	1062
289	5188	1062
290	5044	1092
291	4894	1114
292	4736	1108
293	4588	1113
294	4416	1129
295	4250	1128
296	4110	1144
297	3974	1124
298	3846	1151
299	3669	1168
300	3505	1178
301	3333	1194
302	3182	1201
303	3031	1201
304	2872	1176
305	2722	1180
306	2614	1171
307	2491	1165
308	2413	1133
309	2312	1131
310	2249	1137
311	2172	1150
312	2091	1147
313	2015	1135
314	1960	1141
315	1891	1140
316	1846	1164
317	1774	1197
318	1703	1198
319	1658	1183
320	1601	1170
321	1575	1176
322	1520	1184
323	1468	1202
324	1433	1225
325	1389	1227
326	1353	1239
327	1295	1215
328	1251	1233
329	1200	1222
330	1155	1242
331	1112	1255
332	1056	1228
333	1009	1214
334	963	1186
335	905	1168
336	871	1154
337	807	1131
338	777	1148
339	758	1152
340	704	1164
341	646	1144
342	609	1156
343	568	1147
344	529	1115
345	472	1102
346	434	1079
347	412	1069
348	390	1020
349	359	1011
350	328	995
351	306	1013
352	291	1004
353	270	984
354	249	991
355	227	986
356	213	1008
357	198	1034
358	177	1033
359	169	1007
360	154	990
361	138	968
362	138	964
363	133	984
364	132	1003
365	122	1002
366	114	1000
367	121	975
368	117	995
369	116	985
370	112	993
371	118	996
372	118	979
373	101	961
374	109	939
375	112	934
376	121	914
377	115	890
378	98	888
379	111	885
380	105	878
381	111	866
382	115	876
383	99	868
384	98	845
385	100	828
386	103	807
387	91	804
388	78	763
389	86	757
390	87	736
391	89	747
392	83	729
393	77	717
394	85	715
395	87	711
396	90	721
397	95	746
398	84	744
399	101	728
400	89	715
401	89	689
402	83	695
403	75	712
404	93	729
405	81	728
406	85	729
407	81	706
408	67	725
409	90	716
410	78	729
411	78	731
412	74	710
413	67	686
414	80	663
415	77	658
416	87	646
417	74	633
418	63	630
419	74	635
420	65	621
421	81	616
422	72	625
423	59	624
424	68	614
425	59	599
426	82	587
427	75	579
428	69	547
429	74	538
430	67	528
431	95	530
432	91	511
433	85	504
434	94	504
435	86	502
436	123	508
437	112	513
438	99	513
439	113	502
440	108	490
441	151	467
442	133	464
443	124	478
444	144	485
445	143	486
446	196	489
447	187	478
448	179	483
449	222	482
450	225	492
451	298	492
452	285	483
453	268	470
454	332	456
455	331	453
456	437	445
457	425	435
458	394	434
459	467	435
460	462	425
461	586	421
462	565	431
463	538	427
464	634	416
465	623	410
466	762	400
467	742	399
468	711	380
469	829	379
470	806	373
471	964	382
472	934	371
473	903	369
474	1057	372
475	1053	367
476	1221	377
477	1200	386
478	1144	385
479	1287	379
480	1298	371
481	1486	359
482	1482	358
483	1448	367
484	1597	375
485	1605	376
486	1828	385
487	1849	380
488	1851	387
489	2022	383
490	2056	391
491	2267	401
492	2296	398
493	2281	391
494	2436	386
495	2486	388
496	2649	394
497	2658	388
498	2640	392
499	2768	394
500	2813	397
501	2976	409
502	2987	417
503	2986	415
504	3116	410
505	3160	405
506	3335	401
507	3399	398
508	3395	391
509	3529	393
510	3576	391
511	3761	394
512	3781	387
513	3769	385
514	3897	391
515	3923	388
516	4127	406
517	4143	415
518	4145	416
519	4311	418
520	4349	416
521	4554	416
522	4576	414
523	4582	422
524	4746	435
525	4780	435
526	5003	437
527	5026	438
528	5030	446
529	5188	440
530	5199	454
531	5447	471
532	5472	468
533	5491	469
534	5647	470
535	5694	478
536	5927	501
537	5970	499
538	5985	515
539	6142	522
540	6156	533
541	6343	544
542	6393	550
543	6419	549
544	6563	546
545	6605	543
546	6752	531
547	6796	532
548	6818	528
549	6905	542
550	6954	543
551	7079	565
552	7100	559
553	7121	559
554	7180	566
555	7211	564
556	7331	591
557	7358	609
558	7359	612
559	7408	609
560	7433	613
561	7516	615
562	7534	621
563	7512	635
564	7489	661
565	7444	664
566	7423	663
567	7372	660
568	7277	670
569	7223	669
570	7165	693
571	7118	712
572	7062	709
573	6937	718
574	6853	719
575	6763	730
576	6687	757
577	6616	754
578	6495	776
579	6415	785
580	6306	807
581	6205	832
582	6100	841
583	6011	834
584	5902	832
585	5814	833
586	5711	829
587	5635	829
588	5564	820
589	5506	831
590	5417	829
591	5335	874
592	5287	871
593	5238	870
594	5194	883
595	5140	877
596	5103	906
597	5056	935
598	5003	938
599	4984	939
600	4928	947
601	4922	940
602	4856	952
603	4787	976
604	4698	1009
605	4624	1013
606	4548	1030
607	4448	1018
608	4371	1045
609	4247	1050
610	4113	1087
611	4007	1121
612	3880	1114
613	3740	1120
614	3588	1105
615	3474	1117
616	3355	1157
617	3245	1149
618	3145	1173
619	3040	1175
620	2867	1179
621	2738	1200
622	2609	1222
623	2531	1212
624	2449	1204
625	2346	1192
626	2269	1165
627	2176	1159
628	2106	1135
629	2053	1148
630	1966	1135
631	1929	1170
632	1849	1145
633	1800	1136
634	1751	1142
635	1688	1131
636	1647	1172
637	1581	1198
638	1516	1198
639	1459	1194
640	1386	1198
641	1375	1169
642	1332	1173
643	1282	1198
644	1238	1240
645	1145	1238
646	1109	1219
647	1055	1202
648	1031	1230
649	990	1227
650	926	1235
651	900	1242
652	858	1223
653	831	1209
654	796	1170
655	742	1177
656	725	1192
657	693	1177
658	662	1189
659	629	1189
660	598	1187
661	583	1189
662	560	1210
663	513	1184
664	526	1166
665	518	1138
666	519	1086
667	511	1075
668	489	1023
669	515	1032
670	508	1018
671	500	1038
672	482	1002
673	455	983
674	474	992
675	464	977
676	450	1007
677	442	1028
678	415	1031
679	436	1009
680	416	992
681	383	950
682	377	951
683	354	967
684	372	995
685	362	984
686	353	961
687	358	926
688	348	932
689	365	933
690	349	953
691	342	954
692	347	935
693	333	917
694	355	881
695	347	884
696	341	894
697	345	881
698	348	890
699	376	880
700	375	880
701	371	880
702	373	885
703	365	864
704	393	839
705	370	818
706	350	775
707	353	776
708	347	733
709	393	736
710	384	714
711	381	723
712	394	700
713	398	690
714	462	698
715	446	691
716	463	706
717	494	719
718	494	718
719	573	697
720	566	684
721	591	642
722	631	647
723	653	653
724	735	673
725	735	666
726	759	651
727	794	630
728	806	645
729	876	648
730	866	662
731	877	665
732	897	653
733	914	644
734	986	611
735	994	616
736	1005	615
737	1033	609
738	1063	619
739	1154	618
740	1177	627
741	1194	642
742	1213	648
743	1225	636
744	1313	619
745	1351	609
746	1390	590
747	1416	589
748	1432	564
749	1523	560
750	1571	549
751	1598	555
752	1614	539
753	1641	533
754	1730	531
755	1781	530
756	1791	539
757	1794	547
758	1846	546
759	1956	530
760	2011	517
761	2030	499
762	2029	500
763	2068	507
764	2212	520
765	2231	521
766	2249	521
767	2246	507
768	2289	520
769	2431	526
770	2463	540
771	2487	552
772	2474	546
773	2543	546
774	2734	530
775	2778	538
776	2808	545
777	2784	539
778	2870	554
779	3045	558
780	3084	576
781	3109	588
782	3118	593
783	3199	585
784	3419	580
785	3470	572
786	3501	561
787	3555	558
788	3641	542
789	3846	539
790	3911	528
791	3993	535
792	4043	526
793	4164	519
794	4376	514
795	4468	514
796	4551	532
797	4623	539
798	4728	541
799	4950	532
800	5024	531
801	5102	529
802	5154	531
803	5227	545
804	5422	564
805	5498	566
806	5536	572
807	5593	569
808	5647	587
809	5806	595
810	5847	611
811	5898	629
812	5916	623
813	5944	627
814	6096	631
815	6141	644
816	6197	677
817	6209	674
818	6230	700
819	6332	706
820	6351	741
821	6361	763
822	6343	770
823	6302	765
824	6392	760
825	6399	760
826	6411	750
827	6408	749
828	6385	739
829	6436	744
830	6415	750
831	6437	783
832	6437	780
833	6397	778
834	6399	781
835	6366	780
836	6343	814
837	6295	828
838	6220	834
839	6176	834
840	6115	842
841	6090	853
842	6059	857
843	5974	880
844	5900	918
845	5783	920
846	5726	924
847	5695	932
848	5600	965
849	5496	974
850	5360	996
851	5233	1022
852	5133	1018
853	5037	1029
854	4914	1034
855	4809	1063
856	4697	1102
857	4559	1097
858	4432	1130
859	4268	1143
860	4118	1209
861	3973	1253
862	3783	1270
863	3645	1256
864	3479	1241
865	3326	1235
866	3206	1218
867	3061	1214
868	2944	1196
869	2831	1196
870	2719	1178
871	2644	1220
872	2542	1212
873	2436	1204
874	2346	1200
875	2216	1193
876	2119	1229
877	2011	1241
878	1936	1244
879	1883	1232
880	1784	1239
881	1732	1213
882	1646	1224
883	1584	1256
884	1534	1294
885	1441	1295
886	1383	1292
887	1282	1271
888	1238	1300
889	1206	1305
890	1115	1319
891	1064	1327
892	976	1303
893	930	1284
894	895	1246
895	842	1276
896	827	1294
897	772	1268
898	741	1282
899	706	1283
900	640	1327
901	599	1357
902	571	1379
903	542	1359
904	533	1331
905	501	1297
906	468	1248
907	454	1244
908	449	1193
909	440	1204
910	425	1138
911	416	1151
912	411	1112
913	408	1096
914	407	1085
915	395	1075
916	398	1112
917	388	1121
918	372	1126
919	387	1094
920	374	1080
921	378	1024
922	380	1027
923	365	1047
924	377	1088
925	372	1084
926	368	1055
927	370	1030
928	353	1052
929	345	1047
930	355	1055
931	348	1061
932	354	1041
933	343	1015
934	346	977
935	348	989
936	359	999
937	366	984
938	346	996
939	351	992
940	356	1028
941	350	1039
942	338	1059
943	320	1038
944	328	1011
945	328	981
946	325	940
947	310	925
948	300	867
949	304	856
950	286	803
951	292	807
952	283	775
953	273	768
954	270	761
955	263	753
956	280	775
957	281	775
958	272	773
959	269	751
960	258	735
961	268	690
962	273	692
963	271	705
964	267	734
965	253	730
966	261	713
967	261	697
968	254	704
969	253	703
970	245	711
971	239	714
972	242	700
973	234	684
974	222	654
975	205	657
976	196	657
977	215	647
978	203	661
979	203	655
980	198	678
981	197	682
982	207	693
983	200	676
984	202	662
985	198	641
986	198	618
987	205	612
988	198	571
989	209	570
990	199	532
991	197	524
992	203	506
993	196	495
994	219	495
995	211	486
996	195	503
997	198	509
998	189	507
999	214	496
1000	205	492
